##TITLE= Parameter file, TOPSPIN		Version 3.2
##JCAMPDX= 5.0
##DATATYPE= Parameter Values
##NPOINTS= 1	$$ modification sequence number
##ORIGIN= Bruker BioSpin GmbH
##OWNER= nmrsu
$$ 2016-05-14 14:24:28.943 +0100  nmrsu@b500a
$$ E:/gam_group_data/Research/2016/MF/data/JANUS/nmr/Camphor/2/pdata/1/clevels
$$ process C:\Bruker\TopSpin3.2\prog\mod\dirdata.exe
##$LEVELS= (0..255)
-11599845.9 -9666538.3 -8055448.6 -6712873.8 -5594061.5 -4661717.9 -3884764.9
-3237304.1 -2697753.4 -2248127.9 -1873439.9 -1561199.9 -1300999.9 -1084166.6
-903472.2 -752893.5 -627411.2 -522842.7 -435702.2 -363085.2 363085.2 435702.2
522842.7 627411.2 752893.5 903472.2 1084166.6 1300999.9 1561199.9 1873439.9
2248127.9 2697753.4 3237304.1 3884764.9 4661717.9 5594061.5 6712873.8 8055448.6
9666538.3 11599845.9 0 0 0 0 0 0 0 0 0 0 0 0 0 0 0 0 0 0 0 0 0 0 0 0 0
0 0 0 0 0 0 0 0 0 0 0 0 0 0 0 0 0 0 0 0 0 0 0 0 0 0 0 0 0 0 0 0 0 0 0 0
0 0 0 0 0 0 0 0 0 0 0 0 0 0 0 0 0 0 0 0 0 0 0 0 0 0 0 0 0 0 0 0 0 0 0 0
0 0 0 0 0 0 0 0 0 0 0 0 0 0 0 0 0 0 0 0 0 0 0 0 0 0 0 0 0 0 0 0 0 0 0 0
0 0 0 0 0 0 0 0 0 0 0 0 0 0 0 0 0 0 0 0 0 0 0 0 0 0 0 0 0 0 0 0 0 0 0 0
0 0 0 0 0 0 0 0 0 0 0 0 0 0 0 0 0 0 0 0 0 0 0 0 0 0 0 0 0 0 0 0 0 0 0 0
0 0 0 0 0 0 0 0 0 0 0
##$LEVSIGN= 3
##$MAXLEV= 20
##$METHOD= 0
##$NEGBASE= -363085.2
##$NEGINCR= 1.2
##$POSBASE= 363085.2
##$POSINCR= 1.2
##END=
