##TITLE= Parameter file, TOPSPIN		Version 2.1
##JCAMPDX= 5.0
##DATATYPE= Parameter Values
##NPOINTS= 16	$$ modification sequence number
##ORIGIN= Bruker BioSpin GmbH
##OWNER= bearden
$$ 2011-07-10 21:19:15.860 +0200  bearden@Bruker700
$$ /opt/topspin/data/bmrb/nmr/bmrb_batch1_110709.Auto01/302/pdata/1/clevels
$$ process /opt/topspin/prog/mod/dataserver
##$LEVELS= (0..255)
-46688183.757292 -25937879.8651622 -14409933.2584235 -8005518.47690192
-4447510.26494551 -2470839.03608084 -1372688.35337824 -762604.640765692
762604.640765692 1372688.35337824 2470839.03608084 4447510.26494551 8005518.47690192
14409933.2584235 25937879.8651622 46688183.757292 0 0 0 0 0 0 0 0 0 0 0
0 0 0 0 0 0 0 0 0 0 0 0 0 0 0 0 0 0 0 0 0 0 0 0 0 0 0 0 0 0 0 0 0 0 0 0
0 0 0 0 0 0 0 0 0 0 0 0 0 0 0 0 0 0 0 0 0 0 0 0 0 0 0 0 0 0 0 0 0 0 0 0
0 0 0 0 0 0 0 0 0 0 0 0 0 0 0 0 0 0 0 0 0 0 0 0 0 0 0 0 0 0 0 0 0 0 0 0
0 0 0 0 0 0 0 0 0 0 0 0 0 0 0 0 0 0 0 0 0 0 0 0 0 0 0 0 0 0 0 0 0 0 0 0
0 0 0 0 0 0 0 0 0 0 0 0 0 0 0 0 0 0 0 0 0 0 0 0 0 0 0 0 0 0 0 0 0 0 0 0
0 0 0 0 0 0 0 0 0 0 0 0 0 0 0 0 0 0 0 0 0 0 0 0 0 0 0 0 0 0 0 0 0 0 0 0
0 0 0 0 0 0 0 0 0 0 0 0 0
##$LEVSIGN= 3
##$MAXLEV= 8
##$METHOD= 0
##$NEGBASE= -2231
##$NEGINCR= 1.8
##$POSBASE= 2231
##$POSINCR= 1.8
##END=
