##TITLE= Parameter file, TopSpin 4.0.8
##JCAMPDX= 5.0
##DATATYPE= Parameter Values
##NPOINTS= 9	$$ modification sequence number
##ORIGIN= Bruker BioSpin GmbH
##OWNER= nmrsu
$$ 2023-07-25 21:12:46.917 +0100  simon@precision
$$ /home/simon/Documents/DPhil/data/quinine/2/pdata/1/clevels
$$ process /opt/topspin4.0.8/prog/mod/dataserver
##$LEVELS= (0..255)
-431081.9 -359234.9 -299362.4 -249468.7 -207890.6 -173242.1 -144368.4 -120307
-100255.9 -83546.6 -69622.1 -58018.4 -48348.7 -40290.6 -33575.5 -27979.6
-23316.3 -19430.3 -16191.9 -13493.2 13493.2 16191.9 19430.3 23316.3 27979.6
33575.5 40290.6 48348.7 58018.4 69622.1 83546.6 100255.9 120307 144368.4
173242.1 207890.6 249468.7 299362.4 359234.9 431081.9 0 0 0 0 0 0 0 0 0
0 0 0 0 0 0 0 0 0 0 0 0 0 0 0 0 0 0 0 0 0 0 0 0 0 0 0 0 0 0 0 0 0 0 0 0
0 0 0 0 0 0 0 0 0 0 0 0 0 0 0 0 0 0 0 0 0 0 0 0 0 0 0 0 0 0 0 0 0 0 0 0
0 0 0 0 0 0 0 0 0 0 0 0 0 0 0 0 0 0 0 0 0 0 0 0 0 0 0 0 0 0 0 0 0 0 0 0
0 0 0 0 0 0 0 0 0 0 0 0 0 0 0 0 0 0 0 0 0 0 0 0 0 0 0 0 0 0 0 0 0 0 0 0
0 0 0 0 0 0 0 0 0 0 0 0 0 0 0 0 0 0 0 0 0 0 0 0 0 0 0 0 0 0 0 0 0 0 0 0
0 0 0 0 0 0 0 0 0 0 0 0 0 0 0 0 0 0 0 0 0 0 0 0 0 0 0
##$LEVSIGN= 3
##$MAXLEV= 20
##$METHOD= 0
##$NEGBASE= -13493.2
##$NEGINCR= 1.2
##$POSBASE= 13493.2
##$POSINCR= 1.2
##END=
