0
39
26
87
71
45
37
14
44
69
82
56
7
3
33
52
19
17
10
13
40
24
64
41
35
8
23
78
4
22
16
43
18
34
103
48
29
55
9
20
81
58
5
25
120
62
74
30
57
32
93
11
38
1
85
111
104
110
117
90
47
54
94
76
68
112
113
49
21
86
2
92
70
15
107
79
116
31
63
27
96
119
51
89
6
50
123
42
53
122
59
66
36
102
12
106
65
115
67
95
84
28
98
73
61
77
108
118
75
60
80
114
97
72
83
88
46
105
125
101
100
124
91
126
99
109
121
127
