##TITLE= Parameter file, TopSpin 3.6.2
##JCAMPDX= 5.0
##DATATYPE= Parameter Values
##NPOINTS= 1	$$ modification sequence number
##ORIGIN= Bruker BioSpin GmbH
##OWNER= nmr-user
$$ 2022-10-24 12:02:48.191 +0100  CHEM\nmr-user@JELLYFISH-CRL
$$ C:/NMR/data/jon/nmr/jres/3/pdata/1/clevels
$$ process C:\Bruker\TopSpin3.6.2\prog\mod\edparproc.exe
##$LEVELS= (0..255)
-5111679.99981287 -4259732.79984406 -3549777.59987005 -2958148.79989171
-2465123.19990976 -2054268.7999248 -1711891.19993733 -1426575.99994778
-1188812.79995648 -990678.399963734 -825564.799969778 -687971.199974815
-573308.799979013 -477756.799982511 -398131.199985425 -331775.999987855
-276479.999989879 -230399.999991566 -191999.999992971 -159999.999994143
159999.999994143 191999.999992971 230399.999991566 276479.999989879 331775.999987855
398131.199985425 477756.799982511 573308.799979013 687971.199974815 825564.799969778
990678.399963734 1188812.79995648 1426575.99994778 1711891.19993733 2054268.7999248
2465123.19990976 2958148.79989171 3549777.59987005 4259732.79984406 5111679.99981287
0 0 0 0 0 0 0 0 0 0 0 0 0 0 0 0 0 0 0 0 0 0 0 0 0 0 0 0 0 0 0 0 0 0 0 0
0 0 0 0 0 0 0 0 0 0 0 0 0 0 0 0 0 0 0 0 0 0 0 0 0 0 0 0 0 0 0 0 0 0 0 0
0 0 0 0 0 0 0 0 0 0 0 0 0 0 0 0 0 0 0 0 0 0 0 0 0 0 0 0 0 0 0 0 0 0 0 0
0 0 0 0 0 0 0 0 0 0 0 0 0 0 0 0 0 0 0 0 0 0 0 0 0 0 0 0 0 0 0 0 0 0 0 0
0 0 0 0 0 0 0 0 0 0 0 0 0 0 0 0 0 0 0 0 0 0 0 0 0 0 0 0 0 0 0 0 0 0 0 0
0 0 0 0 0 0 0 0 0 0 0 0 0 0 0 0 0 0 0 0 0 0 0 0 0 0 0 0 0 0 0 0 0 0 0 0
##$LEVSIGN= 3
##$MAXLEV= 20
##$METHOD= 0
##$NEGBASE= -10000
##$NEGINCR= 1.2
##$POSBASE= 10000
##$POSINCR= 1.2
##END=
